,Temperature,DewPoint,Humidity,Wind,Pressure,SolarPV,Month,DayOfYear,WeekOfYear,Temp_Hum,Temp_Div_Hum,Wind_Press,Temperature_Sq,SolarPV_Sq,Wind_Sq,DewPoint_Sq
Temperature,1.0,0.47355557192227804,-0.7444655755548784,0.11671148280613268,-0.7831018644277815,0.029569643526910754,0.25696411732434254,0.2437145986000006,0.22900132271973486,-0.3840014355292353,0.7772897993328011,0.10101475365156118,0.9969267537823098,0.040902182914440824,0.12201374685996223,0.4875222951780222
DewPoint,0.47355557192227804,1.0,0.2022753707007842,0.3619118538966723,-0.27697385686329884,-0.08048818798334754,0.6416499663625753,0.6312776687401123,0.6311764091968239,0.6038087854498907,-0.14268310961882913,0.3552314551270277,0.4842348178609267,-0.06336133210580942,0.34832709001043294,0.9922632870902646
Humidity,-0.7444655755548784,0.2022753707007842,1.0,0.1113915981090579,0.6538245556678084,-0.10459436036458532,0.20189718876694493,0.20810596303527498,0.22781153869570378,0.8872823602110036,-0.9168240033096384,0.12374293637920929,-0.7287117214769051,-0.10693658099223219,0.09969989495336327,0.1816956895126724
Wind,0.11671148280613268,0.3619118538966723,0.1113915981090579,1.0,0.05191118357767626,0.1383405760927147,0.2760568578475972,0.27273771427072185,0.28759060151746985,0.23940003153065736,-0.1267041020227688,0.999784767063577,0.12634189553177425,0.17185926343525712,0.9897151897822262,0.36036073289987053
Pressure,-0.7831018644277815,-0.27697385686329884,0.6538245556678084,0.05191118357767626,1.0,0.0523818719694485,-0.11386157414430728,-0.1114378507848136,-0.10978677434852095,0.3734058542519667,-0.6400299336336552,0.07201507468234004,-0.7673186690950411,0.04182915980978752,0.0411860958615103,-0.29582501492144975
SolarPV,0.029569643526910754,-0.08048818798334754,-0.10459436036458532,0.1383405760927147,0.0523818719694485,1.0,0.05438869044806197,0.05734699982905481,0.04286577691227578,-0.13899925559223522,0.08955607373727648,0.13953157892126536,0.028348264454242832,0.9918970419503436,0.13068563255070256,-0.10073443442703801
Month,0.25696411732434254,0.6416499663625753,0.20189718876694493,0.2760568578475972,-0.11386157414430728,0.05438869044806197,1.0,0.9961965383033017,0.9802325842590122,0.4632902900593645,-0.12266381298339256,0.27393137188673605,0.24892637875098464,0.04973509437174307,0.26506962428696457,0.6324765904298867
DayOfYear,0.2437145986000006,0.6312776687401123,0.20810596303527498,0.27273771427072185,-0.1114378507848136,0.05734699982905481,0.9961965383033017,1.0,0.982888036623404,0.4631500712885609,-0.13173795137739713,0.2706313613427329,0.2357035050105989,0.05146951385426416,0.26200651120982005,0.6216405282948124
WeekOfYear,0.22900132271973486,0.6311764091968239,0.22781153869570378,0.28759060151746985,-0.10978677434852095,0.04286577691227578,0.9802325842590122,0.982888036623404,1.0,0.47819990706893645,-0.1448153836641079,0.28551197217204494,0.22136101167462005,0.038054855453885504,0.2789825660801356,0.6205531135325416
Temp_Hum,-0.3840014355292353,0.6038087854498907,0.8872823602110036,0.23940003153065736,0.3734058542519667,-0.13899925559223522,0.4632902900593645,0.4631500712885609,0.47819990706893645,1.0,-0.8144587159445454,0.24577085292179734,-0.3756048243838107,-0.13450887019337487,0.2220993830752984,0.5928374177433499
Temp_Div_Hum,0.7772897993328011,-0.14268310961882913,-0.9168240033096384,-0.1267041020227688,-0.6400299336336552,0.08955607373727648,-0.12266381298339256,-0.13173795137739713,-0.1448153836641079,-0.8144587159445454,1.0,-0.13847833075445776,0.7740676275805286,0.089427652966146,-0.1040373253538127,-0.12680463109049772
Wind_Press,0.10101475365156118,0.3552314551270277,0.12374293637920929,0.999784767063577,0.07201507468234004,0.13953157892126536,0.27393137188673605,0.2706313613427329,0.28551197217204494,0.24577085292179734,-0.13847833075445776,1.0,0.11090540378889018,0.172762711641741,0.989461612198006,0.35330011395622635
Temperature_Sq,0.9969267537823098,0.4842348178609267,-0.7287117214769051,0.12634189553177425,-0.7673186690950411,0.028348264454242832,0.24892637875098464,0.2357035050105989,0.22136101167462005,-0.3756048243838107,0.7740676275805286,0.11090540378889018,1.0,0.039610747790884124,0.13174726384867153,0.49828992836170355
SolarPV_Sq,0.040902182914440824,-0.06336133210580942,-0.10693658099223219,0.17185926343525712,0.04182915980978752,0.9918970419503436,0.04973509437174307,0.05146951385426416,0.038054855453885504,-0.13450887019337487,0.089427652966146,0.172762711641741,0.039610747790884124,1.0,0.16369338884460027,-0.08491955321577668
Wind_Sq,0.12201374685996223,0.34832709001043294,0.09969989495336327,0.9897151897822262,0.0411860958615103,0.13068563255070256,0.26506962428696457,0.26200651120982005,0.2789825660801356,0.2220993830752984,-0.1040373253538127,0.989461612198006,0.13174726384867153,0.16369338884460027,1.0,0.3463965050911632
DewPoint_Sq,0.4875222951780222,0.9922632870902646,0.1816956895126724,0.36036073289987053,-0.29582501492144975,-0.10073443442703801,0.6324765904298867,0.6216405282948124,0.6205531135325416,0.5928374177433499,-0.12680463109049772,0.35330011395622635,0.49828992836170355,-0.08491955321577668,0.3463965050911632,1.0
